991181
665648
402909
651606
703702
163356
347105
742336
171060
321404
854883
333206
472448
096730
478680
281237
043519
811374
324654
224141
775757
700531
761144
081400
537999
933564
423355
922000
653111
713491
026422
333627
671959
701410
603380
411163
769092
537594
526917
101964
626738
225977
655974
901206
263339
660840
359862
804263
482435
603408
089324
220843
977854
866157
010460
791798
968946
957298
094830
231279
724091
087219
816826
423579
260945
464175
073828
550435
183380
846673
438136
514635
256028
634294
327248
373636
656912
508971
101810
682780
681289
181838
238971
446320
248124
122757
033574
839097
952741
430263
147440
776483
183167
253054
514773
846957
952936
605169
608280
124784
142639
768644
159671
801209
896775
211723
133811
168670
466950
205366
656250
601635
055887
617566
447069
746614
388688
977067
040203
222057
578313
998790
044085
166472
632391
916062
320731
053265
630620
576879
337350
174190
187697
877701
526947
853025
629049
150503
514014
707325
073072
285563
888376
460880
405527
501722
917332
760393
720187
653888
186778
370856
750678
654525
879519
294127
993008
516701
255624
066708
222974
001978
747282
352644
430836
264439
705942
556330
252684
391656
910335
164134
468513
214330
912601
184478
680075
603054
801199
265194
703606
007129
087461
469293
941275
894056
425561
756645
158679
142500
864649
040595
012921
789056
627901
228271
351584
923834
870681
012670
535200
774250
911909
471499
050586
937009
887455
989162
138050
460121
954886
378704
126514
862590
125337
760572
190391
815210
415569
065527
864007
225275
324847
914436
882150
690615
676309
425400
534790
709006
969544
909781
081446
268751
958282
491609
462428
134780
915403
051038
299362
706360
494535
959335
815617
055890
744312
249028
969948
115701
499221
777000
862603
018462
541981
827411
430875
432847
240889
260998
296388
361576
282864
924196
028185
581778
560336
143174
376728
941179
973513
777526
690430
808581
672918
416374
508254
185820
403891
419435
024792
180576
369921
870272
371737
559311
289331
027847
826094
424186
970957
461805
037722
310587
531710
451126
402858
835140
391473
219498
685113
071831
826769
864096
984481
904415
924176
056652
014779
114372
192970
115552
436851
870359
094626
938544
449990
969919
456249
377273
751253
937105
788976
907626
610315
750511
175564
939918
076959
734421
584236
909440
410684
682717
014271
083437
703977
818133
703286
333924
978433
050201
599465
228291
667784
540957
368578
773708
384002
877153
753760
719316
139329
631240
878269
174444
119947
851361
719621
115836
992018
933227
633950
735695
293216
376895
087275
237340
652143
245055
115699
704823
074194
297257
212268
882430
823961
124013
410020
809824
596764
004446
288477
487723
214730
498001
172517
948642
127093
957153
362153
358476
997556
491262
369718
969352
606273
198272
204146
874918
175007
441608
161490
063179
103827
616924
409360
696442
850389
857777
373658
251383
834919
587912
425630
754515
314953
583451
253644
388780
702085
777257
941869
521238
988765
717018
107014
683719
904189
299646
498446
182582
926315
409190
703402
572027
619098
207630
303191
116311
221704
933861
502022
993404
225785
830116
887098
321819
011132
478095
663080
962958
579121
344014
464080
552122
319946
822465
631907
039589
847954
128108
108206
479424
997893
007266
215900
217972
917747
290491
878837
700964
405942
634254
711278
757451
824014
115107
302764
386966
347810
105764
308999
798688
849809
635549
500737
747413
209597
737795
992748
030632
834541
697158
491560
303085
040344
257784
627689
798605
592511
338116
121870
503115
108431
297556
240527
251660
114990
698581
316526
058453
166408
413256
209668
945530
650383
735936
348769
751630
237293
092923
721534
089089
695868
731041
897716
353549
495651
043695
105303
488551
120112
482352
703107
868197
299410
257824
652596
186294
029649
862224
008488
253234
498653
862583
180434
878530
683511
321278
728365
105587
114788
239984
452122
491659
985426
986766
576353
506952
396057
674826
249745
750508
194050
055424
766309
390041
065242
880573
139875
905979
356089
793258
726466
453240
845874
081928
316662
758327
818830
954764
860918
504398
936160
304506
536983
200645
493742
901901
481698
810073
394384
824145
777778
720676
624823
712991
676412
372499
524979
227036
757376
852159
624855
681386
840607
380643
500998
305629
057734
859455
393134
465839
891026
327008
862194
493410
490051
962995
056886
646470
915762
003140
941758
622569
236652
375879
625590
883480
600132
449953
053187
321404
163981
078668
499098
799346
324734
004032
896245
249126
070161
169450
993700
075637
768407
089639
440002
112441
355633
549554
852631
380525
676308
137578
671150
122550
128088
136314
215431
110786
105558
034657
912049
743337
668915
604730
037750
215326
895478
900668
321495
108125
855890
367192
328108
112667
056954
574907
357719
667539
733051
014894
359640
869440
250761
828174
842517
011473
640508
111089
055589
153141
818502
885632
396464
228750
069736
391815
588196
488424
905780
487647
999087
920117
628614
892890
099352
214593
583000
323567
791450
272447
026175
290732
059889
968535
410282
652529
028796
730025
668381
692737
352500
366405
183845
207697
162028
251818
370848
899653
694658
156024
962347
746787
301900
457458
522251
130847
833012
570201
711956
183989
456958
526431
531569
115451
121877
319421
693784
345261
757910
526123
611356
562252
743951
866748
475427
321220
920893
692434
867267
466520
119814
857474
056414
981903
656658
135414
019949
417000
309606
534824
638730
502209
513146
656962
013710
453347
245619
846705
053223
859407
158234
470149
393830
607398
834448
135257
002535
927308
037207
206913
912152
806331
445561
227022
883980
094103
303490
419051
113115
974753
670125
440563
155031
421019
583761
709310
560773
207312
846873
047372
943419
857641
617967
920992
711624
334015
434621
676181
518154
834654
776452
631516
140992
190172
619594
302237
329525
080446
657427
177533
315656
754921
499541
586532
136034
595278
309497
257330
164968
638350
355301
847185
435341
478767
862840
132073
266030
627500
802524
805061
618340
646818
813654
141103
978655
107739
080796
496505
167666
192798
650935
466333
680858
530538
012702
158721
369587
817642
939632
064013
932837
074754
516319
713195
061521
385231
777644
696333
809089
777230
151718
590337
445038
534549
400345
820113
836225
010439
109134
008245
391398
149167
597164
352364
019389
089911
626131
273433
705309
711243
710414
857273
828838
992068
995384
074885
706375
871674
067971
736585
963118
586483
057801
163635
299617
733316
077949
754648
931288
532943
117088
706220
162169
144154
462376
619812
480304
082015
335475
883444
531713
818492
446206
885724
177653
404816
038541
551964
071253
550226
450699
571390
190037
669692
647057
212477
537668
458738
252487
389976
150629
319822
702058
470884
269394
995109
002872
474742
432866
766480
673083
751638
691909
568399
817744
195062
152886
887059
946541
013931
063297
335853
256770
938072
877890
836384
752245
880839
034833
501332
336010
836807
961760
804081
530741
624248
880480
268611
012100
845805
700882
597621
878777
663008
947852
153387
021402
194643
599071
339804
089552
002625
424569
375571
493369
980627
582977
143439
856388
796114
867402
051548
602925
298987
668870
203615
763280
895295
514895
913663
380501
162997
709814
527155
919701
813801
664935
411288
469550
682289
962969
461304
551144
109825
327088
250332
693296
448978
538247
455979
724967
054140
947822
528075
328579
891189
058383
236576
132950
083536
589804
031540
364206
748630
688662
366709
493676
677132
782460
451480
075158
455254
274297
679639
233032
616224
899355
634381
759713
782755
321455
623113
055254
146510
059328
081334
331196
555758
334797
556812
775136
279501
452123
805576
452372
604358
948305
394264
832404
463085
810154
819535
754443
855336
602917
451746
515879
393638
764506
276763
741520
774114
918239
396980
009453
676505
663410
984901
460739
288803
265261
417914
184392
564498
546906
358447
762052
551035
541239
042940
240290
666979
442891
235148
629779
365783
541450
333003
742044
749338
218766
781391
376332
339928
376813
125597
970389
796608
489816
359969
933013
900491
770759
417614
625338
161462
703917
311752
392845
557495
912560
860630
376483
250142
223254
552222
296829
863447
759467
616206
536317
309429
709001
933373
008099
273764
363803
700146
056060
320058
742510
218767
750543
668600
444313
856684
220511
535292
299310
933373
363803
001960
951403
645896
180861
406739
970787
836912
379827
970712
067245
819319
094185
428462
158741
717558
450854
918468
520789
341186
741751
628706
723728
850553
492210
373944
013154
893926
851486
764964
889381
203329
602902
613802
064294
938478
408087
735730
404412
802623
589440
748252
694430
019559
421894
937282
795790
675004
749781
239372
879616
910180
666633
130372
229624
279020
867804
519769
173195
743506
859429
949559
524247
134387
712395
948792
769762
078978
341110
592195
964735
736332
574278
208030
097937
429042
781669
608960
028826
607886
334603
370811
187903
043467
329278
531887
313497
768363
928659
016505
191977
912278
392377
124832
395522
588127
286656
050540
176728
782522
378909
942966
461989
011604
289775
504986
292982
670176
020191
025786
220007
841304
954761
732133
872563
632078
192806
462528
246310
648236
357214
616649
662948
327164
157568
773468
471464
457817
096972
684255
429236
611956
128714
783454
639776
006022
527776
971431
227320
812111
933017
664621
547615
091064
817472
876874
202977
317312
966204
827177
268797
833024
574498
815641
235952
872180
597949
860532
749204
878649
076164
930051
273845
483629
182801
884183
642434
601507
208146
221252
233151
020960
470724
533117
953029
051991
974411
854822
241795
834231
808791
785341
743449
716252
224419
973357
032287
822782
933697
723110
265958
685419
339819
928220
479637
022536
369522
131369
668535
169538
678645
040427
982941
083574
429146
089207
614840
009191
139299
036444
084038
460599
771334
449088
278721
744116
574405
910422
006647
509541
109852
337354
290086
461116
755816
637416
837436
615605
143083
321243
186717
807036
368011
410504
743322
366707
740161
281332
956493
946370
361172
185115
270831
724229
818883
818656
128101
524342
788708
105296
033086
437234
707335
251326
460333
208269
105204
866187
069069
221481
342206
908560
360779
195572
513620
908161
134754
928114
193840
817459
200230
894049
909192
024851
454904
463848
394048
391679
754938
776943
364818
555121
728524
744998
564363
542427
654535
468868
642264
330514
062653
530324
254450
038411
634674
712009
918488
985834
044020
158192
184385
513487
817836
608094
569619
416473
248423
948457
169286
247469
185666
568463
107402
638431
703999
000728
039700
336269
721228
599616
082282
613183
393244
045243
437699
538802
926008
982586
695312
189056
244539
138178
863061
384687
435913
986528
679731
121557
137760
161066
641488
627891
331001
626257
318758
415043
092749
336830
135692
523535
654718
504178
974946
978862
588843
545796
153080
909383
427247
367817
558883
765656
616272
659845
575630
342259
951029
538519
807602
907256
297113
345306
130990
414184
639580
165513
970749
715772
009500
377553
247340
149880
817023
424425
092405
841782
354575
095522
146046
509669
746173
951570
735175
926430
933795
145170
967394
858761
339651
357878
390602
156284
932039
523572
676888
617201
768939
632234
827691
251453
651832
555918
188040
537625
350423
797663
550648
212659
725095
586285
442160
770686
563215
448127
704667
593507
022107
932433
520997
808447
956826
601192
548835
089145
759659
800459
626165
072415
672587
548373
261840
806694
432958
605677
344336
703123
471111
154519
774857
996962
606661
855198
578900
049784
614308
998335
418203
994696
603570
072319
715443
609649
613856
460832
352884
202001
774838
471447
596472
750986
196898
545758
847938
443882
012416
938530
614989
477008
931588
994114
662648
368408
856949
003356
262697
782139
784436
966487
497340
353431
016710
354339
961181
274627
032510
757779
682096
191977
612329
308989
452321
897320
110586
073079
166185
745274
655512
996798
805423
114500
045577
689863
326552
878474
177253
726076
562678
658607
326616
417516
172642
406084
149543
751670
163082
333343
976997
435167
826583
627987
857518
528898
562668
077940
243659
754800
623659
789265
451583
594038
474709
733628
293942
915199
302804
272292
554479
197737
733209
979313
918691
397613
519806
619326
907402
877166
789028
946910
074603
518073
543488
488381
036141
522278
916655
533951
874521
610832
648981
262473
763432
972211
052736
591350
719067
009177
414334
511523
692866
595580
076597
651653
401416
826744
437436
113522
648483
347716
761941
562494
859961
735555
481679
644430
274622
427804
754390
855282
511499
876112
403459
122881
031813
314664
367878
795224
549335
591912
666576
823190
642979
088976
156563
748685
932275
147861
619964
626792
216565
162771
846690
236913
225330
135388
997243
582088
988249
463290
123845
130689
081438
559736
621282
429675
979632
892589
148957
562162
083677
336367
151856
466870
012245
285116
278688
630499
901425
491087
427868
380825
070117
909997
130856
385631
946787
300849
188471
654665
892637
394803
259715
252740
537253
959717
831382
143264
190722
246134
210046
509533
390773
852619
880182
194203
678383
553787
476623
565423
477071
610174
029470
022622
251526
943327
828869
526318
551094
647775
447796
436027
704140
628843
265381
953581
952716
410971
186365
054454
933182
907989
838402
205464
189435
957171
501468
761062
174024
191727
550792
346808
723633
101231
017873
307170
526990
312959
092053
403082
279161
914722
302081
476461
133151
920393
914503
291840
658784
558688
876642
795125
071139
384193
557571
686039
659057
878101
848624
588238
770460
382955
139699
881097
558368
189761
894673
738851
129741
110607
666038
047665
802509
689104
420488
587677
842167
818676
446219
122839
903902
222699
348432
755262
996538
067717
012209
635078
474517
771002
832228
406024
310103
565425
162888
368879
943715
959232
606495
887659
516953
944800
772761
550569
257221
016870
348511
228647
185637
311047
793397
089940
107022
611313
476913
394454
743845
150934
686241
680668
336176
742225
681603
659076
409010
822162
294743
577762
810901
034787
917910
860005
486754
985083
671817
895673
391043
715925
857833
749198
760176
531510
079977
886191
873609
278151
723045
866145
396268
512437
992554
944773
035041
746762
035306
112671
209424
087746
030472
258437
841940
114773
387238
011472
409727
047124
813899
568832
267725
518209
251454
626422
054274
507372
905101
670071
613494
650695
218543
516644
487662
081166
920337
838956
758502
296003
704421
743165
971942
815348
338249
896582
751851
414040
623170
341860
696011
876946
725149
456279
731019
668663
029423
239902
908542
703518
958878
737648
704179
808504
743145
900536
732337
206064
995769
583746
463181
909435
878613
758146
339836
137910
856414
716140
036545
711097
175864
318122
589809
130852
171232
891584
459630
570737
079833
676567
208697
213129
300599
163435
008962
310033
722096
638527
537344
383804
587598
562408
336883
072830
321808
709535
303440
195361
930268
275933
902668
530932
274108
255760
804657
501352
866163
377730
806293
145498
366763
089426
009768
122627
178010
224120
258348
347108
137817
004467
823294
161886
317888
804698
077744
057658
029096
381113
520630
093034
000241
661573
788658
227760
776630
631062
063280
807584
529984
176506
480839
080333
273585
818090
832946
111396
029809
940654
471146
319520
280849
036782
529744
127248
318444
520798
747006
339802
521353
998886
631688
634114
037719
277692
867405
639980
015349
937171
438507
529734
924956
831373
457601
137277
049005
418964
287894
843378
491858
454563
661770
714015
949848
024007
536981
093763
217734
625859
713231
625798
959343
434057
451848
206677
040302
065339
228483
285766
546662
346560
454753
741990
629193
409123
828317
097156
050991
907959
173462
332992
945926
593716
977821
430342
656414
288013
958326
137282
925505
854838
823623
234833
800969
369475
009933
330249
102141
773166
214144
647618
411660
618219
341239
799322
209519
882380
608151
553220
613143
986719
576424
826133
387280
454599
999750
023741
814010
813283
547514
079558
014018
853191
988844
468816
444817
740460
031386
124883
177228
468976
404236
185514
987483
004242
848424
467764
270718
602910
707054
356166
162210
662866
177365
513564
728183
884064
202152
694758
174265
315821
404785
151043
062808
064416
516967
328440
028013
050677
123526
802388
498145
883310
805342
926578
473653
250736
523983
197830
966986
282211
627054
675456
222012
708450
508977
749784
641684
012110
172418
556599
478330
123343
098402
030319
242738
640357
657388
671464
636053
500806
737506
422874
940223
624635
061775
423730
742899
500547
742005
773852
243422
990087
562429
793995
070173
918914
938780
507566
003180
127489
415085
280995
405308
295671
718957
578883
885952
680595
099191
483009
841466
154449
128977
402435
288516
613090
459209
998111
719825
740284
119018
703979
382797
635243
875203
985828
746433
183321
991082
489145
477910
619311
117243
996743
549867
658937
919507
431357
039618
376401
666683
275791
727579
335406
611302
696892
223840
827866
411741
626275
818197
214339
550963
581557
399926
453378
172412
418607
412605
216174
168296
129734
000225
551004
431503
012681
699389
129577
609200
225448
860321
419809
136628
402836
212358
366392
337070
796072
210450
450668
121421
219123
870725
746134
380062
146102
423605
315288
071480
094303
421733
015544
690390
849102
716308
960261
450329
040735
855706
675812
917075
777611
074062
005118
074855
547870
594639
492720
517287
957497
734986
367723
030489
030583
416590
733084
071729
193841
576473
878822
777886
482220
828843
296960
896811
563933
613956
903843
994418
198316
153955
029216
312155
315514
549605
438874
549152
151205
020482
073486
124333
470855
891230
050643
651853
043874
493216
264622
033803
353729
289349
912883
516288
142704
584178
457176
336322
223951
815833
886886
766346
025265
187735
514622
362795
133770
780830
844070
471683
302679
054521
340482
934499
952624
056087
733694
369999
851810
246142
896185
699784
889111
656891
829238
284684
076489
748014
484843
394509
139762
688956
658327
258446
581875
062472
535890
745302
947094
760252
184866
128801
777021
168315
583992
153409
824779
576462
182636
469361
083577
928602
087445
323759
743161
845822
550286
343314
415172
495887
483599
621697
940871
982086
335743
422634
777497
337149
952898
906277
474370
160412
727979
380796
117023
681964
957597
992677
690118
190211
809654
096785
737563
273595
947172
785642
121925
424749
417863
277506
292511
792292
536437
148090
338281
162273
061911
812196
101663
065160
247202
647246
145794
874967
213299
130740
267433
002239
175517
516925
503183
543451
341162
847858
301816
661812
276797
005509
736091
142372
536536
990481
600113
810031
698290
451130
699412
305577
511087
281575
701138
323674
966408
361384
326982
853879
230961
379814
840810
692449
416389
545903
440994
014910
495695
178754
763738
783661
199517
589584
630371
103157
150332
124915
589371
756624
285115
311485
757835
509897
920358
354769
883626
172361
995018
164600
871914
722009
338250
523362
414651
902499
244455
507965
590340
254004
032958
105636
287637
707046
554245
456181
849693
820759
348187
839354
976762
356063
019259
052256
188301
856424
104216
961652
801263
259021
773145
992649
216152
272996
319463
356089
678588
620648
408202
383270
069749
485859
262972
027009
276866
803768
988491
666959
546310
865738
688675
253183
105896
041743
735198
575699
158815
156906
279223
820356
693207
779343
854590
379400
457639
101475
591709
180911
694026
498317
996419
315971
281097
363384
324068
742956
642794
291829
020038
405476
625494
702646
221147
525717
828506
011595
259511
753384
040123
203943
556970
399642
939989
891693
414078
081967
830555
606412
271223
136876
930562
141397
621751
910196
892651
193603
541526
299118
826661
956726
042461
433586
115223
593075
469861
359331
166641
701240
079271
904274
410182
279931
280114
229844
323558
997140
494177
527083
648957
240445
389967
497624
635539
194150
771729
215071
536695
096583
334219
280110
879759
344254
166811
741858
529609
109819
115225
753846
192523
630391
391198
059454
616825
671308
592517
640595
103473
710502
698121
340244
689777
583703
877680
419481
877326
362879
206232
067940
433113
468424
597024
168263
585405
459155
171684
165904
119665
749025
122853
986510
701690
980989
619486
427699
605390
889383
295061
365535
104429
591358
528462
434297
784471
099636
402396
266796
669143
299793
329979
029770
146580
385631
237454
075921
671595
889715
247959
356139
360508
787240
261310
302965
199822
008366
161559
785538
939334
237791
315160
754622
654076
832242
572362
856659
887812
320505
737318
328459
991303
036615
600384
684049
658635
980262
598898
935333
096605
200561
081719
080866
345759
216729
435474
425250
333360
653410
785610
957004
340326
587969
924062
448304
421355
975973
532485
493220
252587
828828
732698
679736
716647
889949
504950
495719
481110
447698
092573
362502
294186
734260
412132
697874
991071
057171
386194
416680
088293
577653
757980
217560
047349
872844
979353
233489
461654
010664
974665
242332
490926
673179
109415
451025
545352
600544
547857
457016
007327
999203
050211
113263
004483
308115
348109
213668
231088
485476
966582
986801
569750
569403
715145
779855
532136
022127
665676
273823
947776
209337
632094
692819
541740
577249
177609
794662
600816
677736
019950
615740
765885
454773
439348
188547
819702
559346
807586
096671
974662
431439
259961
950073
838503
167218
867496
560618
405252
499028
921149
401107
981954
072161
863588
088228
554205
440006
866326
120810
155632
308517
473801
317710
598550
913634
900494
027925
312338
893285
716392
709883
064267
755237
097528
061020
585321
031631
599924
914473
189734
236911
758619
110276
194270
699998
161466
269171
305343
756544
265049
119571
300184
788323
214896
913834
822080
188632
494814
781557
303488
023488
432683
015852
436947
181974
822491
437980
608113
666287
936881
181303
736984
691390
465137
012598
567449
717218
063093
239549
286595
833877
611420
378739
183477
317941
411232
509622
263618
098874
811963
013150
932738
105045
514283
640893
622454
249737
861696
060066
624620
094408
390260
489570
329067
570579
900302
176496
562897
784301
579371
708748
675585
075878
811257
447992
587122
144782
162221
275830
413432
455358
869592
606945
116362
209374
715796
172704
402855
157389
770378
536519
873270
439175
993034
999924
480942
105976
734208
653689
316539
996656
677494
883171
745077
255016
542158
273344
992829
442869
461950
065240
453783
798837
756370
447971
903997
371703
626917
097632
901204
396463
421237
931950
177800
678588
162594
819657
459249
407936
243087
832987
863587
376587
150291
198264
379792
934997
466053
393412
684854
652739
157859
609318
364997
385355
436314
900580
942055
313540
215346
177658
941991
420821
457855
027413
153683
250405
763293
732364
452712
292595
950667
893723
568398
792909
433274
466600
749555
781538
202472
869307
353942
038451
402877
237589
272146
988823
967008
972978
524280
205152
699293
503662
563682
415261
523853
778452
934904
513857
597991
156386
186660
602952
104540
437968
989266
787884
820739
624488
344352
352552
380029
094141
973909
119231
225094
667614
552996
756777
064345
913028
466985
932178
196823
706915
679823
374397
198636
628818
751208
117852
257347
585893
872317
002256
957895
462800
999969
839458
853601
511858
178546
150009
799157
525575
697493
161193
846297
358491
498077
542188
641507
551291
145808
853612
937429
408044
795035
287936
372084
028288
489758
489458
775807
228668
929718
481885
297131
954423
194681
619351
982541
123794
259560
452233
701220
346535
465345
265561
748341
130421
049720
114609
908553
899799
989225
434074
982885
743388
354586
780079
028236
501728
726727
875214
056066
513788
086339
131324
222349
635344
553326
867829
222677
646129
191100
842882
359628
012054
566432
473857
987560
018053
666112
874080
730502
001068
002650
065676
103369
391232
105568
667291
108742
228906
913561
723974
600185
003563
502962
533631
914352
828038
034230
765124
350902
120030
691299
665800
580553
397538
013177
049609
554403
326900
873286
804071
287331
936584
456461
893464
455495
029921
582798
546552
776568
713868
152136
822729
592973
477954
026973
911884
241701
359391
352209
181826
700644
246960
089480
664839
292094
472211
427549
724898
052008
289574
964200
265441
902940
526347
030535
327663
272539
698224
825740
453001
579445
560244
418494
457420
926604
861115
269454
336251
965042
250621
533725
601473
940207
006355
281689
867674
845350
433367
465567
002451
638218
766218
533539
059055
321510
149927
620362
167901
367510
098551
663962
172648
771084
154436
176694
466714
347240
020472
260162
413822
684345
135167
221056
619747
381170
523500
474633
135854
865400
694773
755034
934508
377262
423525
725849
345119
385666
857285
617980
028601
976874
192857
203219
161103
472962
734071
370277
073475
017463
137183
908416
282953
444852
690638
001520
910929
981769
582056
152134
460148
756090
404461
627238
902867
694234
337972
110009
585326
289468
219863
263748
366025
217422
875545
961021
182336
159682
585649
946637
907879
976464
331496
397898
830486
824407
678945
040135
321693
013523
605035
750074
949383
814204
312566
125835
345761
269753
595200
399824
395960
637183
014147
723806
840176
493266
376360
294159
286777
867744
269455
539554
293836
973258
489876
140539
868311
803675
980964
636689
234583
613374
709052
449330
070767
301352
082811
737793
748707
481224
062510
424378
884996
528181
058085
354944
732532
134783
048570
976411
620804
986220
958994
780217
878317
461099
893176
739696
980206
928863
179086
908351
261701
860849
849393
644665
646529
980480
902097
090103
089670
188427
306818
055649
303276
240904
467782
514512
468094
473825
872250
498624
529033
316120
525416
262626
511595
351139
931792
462802
541179
979566
401416
044856
189331
100838
397430
913731
765292
622966
917838
740793
053125
657702
027733
244812
139281
667318
634866
926246
416682
795986
628082
963055
675097
522061
036620
069218
917856
886708
004494
786637
899641
876246
967565
449294
836161
270730
598537
404744
748444
925446
029254
536649
506915
829642
401860
907250
771899
770889
562031
740972
153214
056823
188611
368633
325186
330282
876247
317057
687641
798516
774864
178550
531418
416207
906163
842528
846315
057618
211455
834912
901999
912317
175540
734924
200401
862525
828893
880615
388606
505745
439253
481120
192274
073053
261304
847040
723371
404089
602901
494120
995256
031099
712136
039048
026580
402579
947965
580851
420382
989044
512143
824896
057234
744476
913582
423640
953938
719855
246299
385275
200168
264260
205784
238335
565816
987077
799647
033092
987844
439715
512030
446851
111992
679557
327225
433291
008633
687610
089737
144467
793128
475933
535612
619686
318906
495996
212478
164380
701040
787370
492830
127904
936066
638360
262395
093453
652479
285465
021702
181258
017673
050251
005422
863521
587995
583274
544088
668328
436915
785316
453910
013815
211049
397253
188605
621507
410752
743952
307176
491624
225067
663648
341193
690203
241097
530895
902575
485679
304926
514350
559518
289860
941202
256692
741703
530844
012744
083153
259603
295000
696164
550942
358144
360795
701268
502584
857863
351520
692544
197825
827705
612798
368737
977421
244091
870702
647656
785565
040533
521451
474616
927383
133673
223575
990024
972452
608514
894868
230920
691361
997006
785739
613320
904120
699223
178661
502672
572145
512123
964392
416670
271396
880803
934850
005951
005877
828268
471695
964543
382175
005816
314337
066568
429183
854626
259765
461400
667577
264120
133407
416925
484733
797656
803134
005117
756147
299772
694908
291504
733711
918616
073761
223286
604682
124688
483079
148501
631351
762857
827849
242513
622697
115905
389401
576041
368876
144233
399180
415431
664056
334105
319561
165334
024974
398902
485083
130641
499321
358386
808503
429242
726903
102045
680015
486080
599106
972120
965682
073865
065083
681328
794269
402811
858042
626100
574127
761553
679679
613321
563513
052384
463674
859105
168043
003958
998975
324408
409608
182062
850231
253833
233159
868087
715678
829649
870964
331602
206562
335631
392579
575782
463588
225691
280682
453580
093369
321163
902449
354104
184919
201774
653060
685550
256328
561220
755096
899364
322760
304118
168128
290482
077523
704056
669559
217255
129605
860279
147225
271833
224911
381955
145389
012920
199523
279294
934793
764642
394442
538771
135269
439981
035208
502467
191854
172371
100928
381638
923421
578163
022102
472938
958272
752233
951124
392241
746569
750633
831603
044006
655398
439875
305616
363150
893175
655814
326756
521174
202224
545339
694424
015215
913065
783465
933932
264224
415407
495230
619349
608022
927705
641728
123152
285539
194192
101900
066944
946682
647969
401404
642778
878573
975033
885121
126691
908340
867217
052700
952543
050325
240483
523017
473713
677389
123308
452732
927327
080940
896640
133773
312995
810548
699799
576366
603705
998392
364038
747657
635945
420815
852610
881099
610543
933691
923666
204793
808783
852455
968342
328858
559866
964077
008417
587201
980995
383735
792003
404180
581458
981092
463219
017256
950511
549715
134477
157409
729635
295689
993824
603095
637311
952232
749478
777943
309266
396740
560400
839643
272218
029341
659047
704289
628346
141752
540716
704142
123340
971140
744254
773009
659995
655447
285675
346680
395675
264099
942307
649708
694824
707614
929194
801723
793457
002355
515124
152352
679160
022227
874281
550531
652326
531369
637746
378311
510070
227617
223240
372035
650781
645550
405590
466961
781488
388366
616283
373380
188681
613424
517334
144443
445788
091543
294331
165447
206148
318032
639443
774033
624377
239196
763510
514039
823994
190309
393995
376472
425144
671581
193485
572784
244870
424356
757182
871610
727401
884623
913273
878308
361399
819920
197266
194398
484238
344801
283626
122344
229407
750658
345568
224567
794277
045207
462818
397350
028774
567892
872639
014465
945926
102835
427792
946783
046198
147725
283228
959671
503075
289109
206147
358862
381124
419159
194445
170073
889072
785393
755921
765475
111010
358913
943884
750082
155760
308910
460701
914906
657990
130390
777241
618224
069663
925156
720208
671509
876168
253924
179342
562909
969986
166653
816352
969186
877652
712438
257062
617046
468234
435590
839441
227208
039558
082341
121947
789926
615085
256585
005295
867566
454149
021500
609203
966530
375319
003227
716463
766812
870025
619724
762330
668412
164534
223314
501303
312931
617753
545867
059612
628057
779137
308207
386384
232718
405274
626898
743186
628272
573568
783503
914126
098652
562167
456686
938559
710020
777409
682950
348577
408610
227071
243269
046657
946850
834481
793317
234712
078684
153883
535033
332389
497714
879087
565521
132284
294333
665563
611932
741462
044723
250224
900866
252709
465312
440605
046893
263140
296224
405207
946753
112289
697377
887850
855194
820876
191016
247205
137787
031620
814588
424589
337506
842418
333549
936945
250088
931283
836831
924696
105999
226572
437751
444795
525839
075510
102531
910790
594875
093830
852155
103935
465127
170254
326112
596602
753552
588786
795062
926869
641885
511223
571392
931740
110919
774614
566722
946944
593429
205700
213631
470484
984618
436890
155849
091147
201094
419228
707645
315238
351983
983323
590334
036729
493015
785552
582608
175933
878682
860588
730881
183023
336124
628270
012878
327018
520476
471008
770160
676505
049645
005173
294545
477966
004364
073798
433221
458875
623054
777780
409507
423869
159340
494721
876917
024431
181758
018210
309547
430741
814210
692138
122900
836236
639906
353019
152453
460389
858959
478397
926361
239441
414375
639985
503925
503393
244232
544455
625984
683835
165048
426917
030710
713639
214116
675520
695625
239057
935539
035743
053435
921863
117629
257318
863730
203166
591600
798416
010973
630851
431348
556524
785432
182933
114799
425503
547669
252312
710034
328493
352916
362378
372535
545526
319718
345572
602724
053705
349496
620703
618129
939389
745265
739834
767337
262132
670791
936333
792819
155633
301210
684603
818478
819944
516275
312345
364880
472714
205239
449149
440023
712078
669515
628013
012716
959887
004179
325551
514986
049685
897315
857048
369590
769232
928075
785505
555766
781627
381996
344901
562743
170579
741513
734380
573260
211881
089979
993740
017543
207709
049175
024563
396138
414146
472329
458137
516358
345791
222406
922015
516543
185370
562125
445375
399304
589620
588564
571681
573850
718903
737280
549092
723102
855743
241092
461179
666993
998553
987914
666109
199479
434521
079117
146697
166850
627494
453128
506441
180683
917796
498359
594584
027899
684934
458967
021128
751418
591185
809050
482538
077955
545389
454807
612489
616917
919007
997624
326473
161961
337318
899657
619815
502139
385646
849841
180059
834229
828724
192379
714170
754746
110333
067721
344173
227656
009965
318432
342554
267393
427141
890670
991109
381492
508283
608544
758622
580993
818729
486372
396010
562366
796210
957241
777992
218762
941656
639911
988645
505980
778075
808566
875836
380312
160755
341153
162778
179991
990957
415977
024451
353645
854697
610983
992644
076495
485981
653580
297360
160397
342353
418136
717999
715816
976850
018912
689732
278184
983349
570763
789254
467013
117518
461702
760108
494304
298072
617589
111451
511283
862287
232733
974650
369024
188567
540188
056585
732814
495488
237607
463922
825676
682113
921145
347097
995329
207555
950425
664946
082748
772799
252144
910590
771769
147695
780497
529754
685084
748680
781568
092596
568594
298821
540004
491885
122211
637723
342716
275585
573573
166372
048718
559316
304196
302153
001690
676895
260932
902729
163345
648599
971211
618380
139503
315586
585737
018538
524121
938725
627121
756832
516776
604897
904364
685620
359103
992460
336310
970123
094541
847311
584298
823738
900057
372787
520220
238295
686669
848422
224410
505556
910479
024181
628274
535225
753910
241942
429547
481094
123169
649172
810622
776955
985222
471955
353261
838237
650496
640884
279568
259546
430205
641022
128560
802664
425589
563692
125018
139860
037057
711213
827044
435511
020389
208351
438572
741530
847764
107724
321849
156711
107980
956487
810894
426491
435303
288410
985941
130908
871626
972740
193132
045762
181912
226346
163212
175614
395126
048525
897347
951804
584129
425386
008768
120350
891318
337004
501914
579176
130823
654848
384511
574717
061618
857880
290357
489488
128957
861395
299263
914573
732424
024897
081445
405837
953377
878324
114043
320727
589760
002008
220043
428406
108912
265693
841992
198497
724628
686194
966391
790902
555149
174529
825949
882147
825886
284444
105206
562755
729593
164664
348295
547148
141430
469951
164741
444278
264631
396126
374844
559686
268019
053519
474902
017007
655479
625396
437811
083485
265792
505957
783675
765807
054770
674103
431885
313689
747930
863778
456741
160916
416986
564371
607557
147587
153962
570094
700016
757291
968761
973430
311686
665268
357867
579667
785054
252493
229363
549902
613799
346930
218606
428750
478045
073421
811326
237553
848959
244952
481273
874905
527840
891912
444723
904153
081346
675665
551360
966338
904314
000912
063291
969533
932426
484492
113637
142744
681359
395179
753232
798630
957764
091461
086514
865456
682187
169086
299073
185979
242927
548135
755228
858116
013785
673361
578843
293593
711462
084769
498096
871385
511236
144833
590583
891249
075695
209554
